130589	80201			
130589	2645			
130589	92579			
2645	130589			
80201	130589			
2821	2645			
2821	80201			
2821	92579			
2821	92579			
55276	92579			
2821	80201			
2821	2645			
2821	55276			
2821	80201			
55276	80201			
2821	2645			
55276	2645			
55276	2821			
8789	2821			
5214	2821			
230	8789			
230	5214			
7167	230			
26330	5232			
669	5232			
2027	669			
5162	1737			
5162	1738			
1737	1738			
501	131			
222	131			
501	10327			
222	10327			
5315	2027			
8789	2821			
5214	2821			
92483	5315			
5162	5315			
5162	92483			
2645	2821			
80201	2821			
55276	0			
55276	0			
2821	0			
92579	0			
80201	0			
2645	0			
2821	0			
1737	0			
5232	669			
26330	669			
669	5232			
669	669			
5106	2027			
5106	5315			
92483	0			
0	5106			
669	0			
2027	0			
5162	0			
92483	0			
5315	0			
7167	26330			
230	7167			
230	26330			
230	0			
0	26330			
0	7167			
669	669			
84532	501			
84532	222			
84532	1737			
84532	0			
83440	2821			
83440	2821			
130589	83440			
130589	83440			
83440	2821			
83440	2821			
83440	0			
83440	55276			
669	9562			
669	9562			
669	9562			
9562	2027			
9562	0			
5232	0			
669	0			
669	0			
5162	5091			
5162	0			
5091	0			
0	0			
0	0			
0	0			
0	1737			
0	1431			
0	47			
0	0			
0	0			
0	1737			
0	1431			
0	47			
0	0			
0	1737			
0	1431			
0	47			
0	1737			
0	1431			
0	47			
1737	1431			
1737	47			
0	0			
0	4191			
0	47			
0	1431			
0	5091			
0	5106			
0	4191			
0	47			
0	1431			
0	5091			
0	5106			
4191	47			
4191	1431			
4191	5091			
4191	5106			
47	5091			
47	5106			
1431	5091			
1431	5106			
5091	5106			
4191	2271			
2271	0			
2271	0			
2271	6392			
0	0			
0	6392			
0	6392			
6392	8803			
6392	8803			
8803	0			
8803	1743			
8803	0			
8803	1743			
0	1743			
1743	55753			
1743	1738			
1738	55753			
55753	0			
55753	0			
55753	0			
55753	3421			
55753	3418			
0	0			
0	0			
0	3421			
0	3418			
0	0			
0	3421			
0	3418			
0	3421			
0	3418			
3421	3418			
50	3418			
50	3421			
3418	3421			
1431	50			
47	50			
1738	5162			
5162	5162			
1737	5162			
1738	1737			
5106	0			
414328	9104			
5226	25796			
25796	414328			
5226	414328			
25796	2539			
2821	2539			
729020	5226			
22934	5226			
22934	729020			
84076	22934			
64080	22934			
55276	22934			
22934	55276			
5634	22934			
64080	84076			
55276	84076			
84076	55276			
5634	84076			
55276	64080			
64080	55276			
5634	64080			
5634	55276			
5634	55276			
84076	6888			
84076	6888			
84076	2821			
5214	2821			
8789	2821			
84076	5214			
84076	8789			
230	5214			
230	8789			
84076	230			
51071	230			
51071	84076			
64080	51071			
55276	51071			
64080	55276			
2821	0			
2821	0			
5634	0			
5634	0			
5634	0			
0	0			
0	0			
0	0			
230	0			
84076	0			
51071	0			
8789	6888			
5214	6888			
84076	6888			
2821	6888			
84076	729020			
729020	84076			
230	84076			
230	6888			
51071	84076			
51071	6888			
0	84076			
0	6888			
84076	6888			
6888	84076			
25796	9563			
9563	414328			
9563	5226			
2821	9563			
2539	9563			
5226	0			
729020	0			
22934	0			
2539	0			
25796	5226			
5226	414328			
5226	9563			
22934	5226			
729020	5226			
5226	0			
2821	0			
9563	0			
9365	79799			
79799	7358			
7360	7358			
729020	9942			
51181	57016			
9365	0			
9365	0			
0	0			
7358	0			
7360	0			
7360	0			
57016	0			
57016	0			
729020	0			
51084	0			
0	0			
0	9365			
0	0			
0	0			
0	57016			
27294	57016			
27294	0			
9365	10327			
0	10327			
10327	0			
10327	0			
57016	6652			
6652	51181			
10327	51084			
10327	0			
224	0			
57016	6652			
6652	3795			
6652	80201			
3795	80201			
57103	5214			
57103	8789			
57103	4351			
80201	57103			
4351	5214			
80201	5214			
4351	8789			
80201	8789			
80201	4351			
230	8789			
5214	230			
4351	5373			
80201	4351			
80201	5373			
5373	29926			
2762	29926			
7264	2762			
8790	7264			
8790	197258			
7167	230			
7167	230			
3795	230			
2762	0			
0	29926			
0	3795			
0	6652			
0	80201			
0	80201			
0	197258			
57103	0			
80201	0			
4351	0			
8789	0			
5214	0			
0	57016			
0	230			
0	7167			
2717	3938			
2645	3938			
80201	3938			
3938	92579			
2645	2720			
80201	2720			
2720	92579			
55276	7360			
2582	7360			
7360	2592			
7360	2592			
2582	2592			
2582	2592			
2717	2717			
8704	2592			
8704	2582			
2717	2720			
2717	2720			
2717	2720			
2717	2720			
57016	2720			
2717	3938			
2717	3938			
2717	3938			
57016	3938			
57016	2717			
57016	2717			
57016	2717			
57016	2717			
2582	0			
7360	0			
2592	0			
92579	0			
80201	0			
2645	0			
3938	0			
2720	0			
2720	8704			
3938	8704			
2717	8972			
80201	55276			
80201	0			
2645	55276			
2645	0			
92579	55276			
92579	0			
55276	0			
2717	2717			
2717	6476			
2717	8972			
2717	6476			
2592	2584			
130589	0			
130589	2584			
0	2584			
130589	2720			
130589	3938			
130589	2717			
130589	2717			
130589	2717			
130589	2717			
130589	57016			
2717	8972			
2717	6476			
0	0			
0	7358			
0	0			
7358	79799			
55586	79799			
2194	32			
2194	32			
27349	32			
54995	2194			
54995	2194			
54995	2194			
54995	2194			
54995	2194			
54995	2194			
54995	2194			
54995	2194			
2194	27349			
2194	27349			
54995	27349			
2194	27349			
54995	27349			
2194	27349			
54995	27349			
2194	27349			
54995	27349			
2194	27349			
54995	27349			
2194	27349			
54995	27349			
54995	27349			
54995	2194			
54995	2194			
54995	2194			
54995	2194			
54995	2194			
54995	2194			
54995	2194			
54995	2194			
54995	2194			
54995	2194			
54995	2194			
54995	2194			
54995	2194			
54995	2194			
54995	2194			
54995	2194			
54995	2194			
54995	2194			
54995	2194			
54995	2194			
54995	2194			
54995	2194			
54995	2194			
54995	2194			
54995	2194			
54995	2194			
54995	2194			
54995	2194			
54995	2194			
54995	2194			
54995	2194			
54995	2194			
54995	2194			
54995	2194			
54995	2194			
54995	2194			
54995	2194			
54995	2194			
54995	2194			
54995	2194			
54995	2194			
54995	2194			
54995	2194			
54995	2194			
54995	2194			
54995	2194			
54995	2194			
55301	2194			
54995	2194			
55301	2194			
55301	54995			
55301	2194			
54995	2194			
55301	2194			
55301	54995			
54995	2194			
55301	2194			
54995	2194			
55301	2194			
55301	54995			
54995	2194			
54995	2194			
2194	54995			
54995	2194			
54995	2194			
54995	2194			
32	0			
2194	0			
32	0			
32	0			
2194	0			
2194	0			
27349	0			
27349	0			
0	0			
2194	54995			
54995	2194			
2194	54995			
27349	54995			
54995	2194			
54995	2194			
54995	2194			
54995	2194			
54995	2194			
54995	2194			
0	2194			
0	55301			
0	2194			
0	54995			
81616	2194			
2194	0			
81616	0			
0	81616			
0	0			
0	0			
0	0			
0	81616			
0	81616			
0	2194			
0	2194			
0	2194			
0	0			
0	2194			
0	54995			
0	54995			
3033	3032			
3030	3032			
3030	3033			
3030	3030			
51102	3030			
3032	51102			
3033	3032			
3030	3032			
3030	3033			
3030	3030			
51102	3030			
3032	51102			
3033	3032			
3030	3032			
3030	3033			
3030	3030			
51102	3030			
3032	51102			
3030	3032			
3030	3030			
51102	3030			
3032	51102			
3030	3032			
3030	3030			
51102	3030			
3032	51102			
3030	3032			
3030	3030			
51102	3030			
9374	51102			
3032	3033			
3032	3030			
3033	3030			
3030	3030			
3030	51102			
51102	9374			
9374	0			
51144	9200			
9200	9524			
9524	0			
9524	641371			
0	641371			
51144	83401			
641371	0			
39	3033			
3033	3030			
35	3030			
3030	34			
3030	2639			
35	2639			
34	2639			
39	3033			
39	3030			
3032	3030			
3033	3030			
3030	3030			
3030	35			
3030	33			
3030	34			
33	1376			
34	1376			
501	284541			
131	501			
34	39			
34	3032			
35	39			
35	3032			
3032	3033			
33	3032			
35	3032			
34	3032			
3032	3033			
3032	3030			
3030	3030			
3033	3030			
3030	34			
3030	33			
33	3032			
34	3032			
3032	3033			
3032	3030			
3030	3030			
3033	3030			
3030	34			
3030	33			
33	3032			
34	3032			
3032	3033			
3032	3030			
3030	3030			
3033	3030			
3030	34			
3030	33			
33	3032			
34	3032			
3032	3033			
3032	3030			
3030	3030			
3030	3033			
3030	34			
3030	33			
33	3032			
34	3032			
3032	3033			
3032	3030			
3030	3030			
3033	3030			
3030	34			
3030	33			
3030	8310			
2639	8310			
3030	36			
2639	36			
39	36			
3032	36			
39	8310			
3032	8310			
3030	8310			
3030	36			
3030	8310			
3032	36			
3032	8310			
3032	8310			
3030	8310			
3032	8310			
3030	8310			
3032	8310			
3032	8310			
3030	8310			
3030	8310			
1376	8310			
39	0			
81616	0			
81616	0			
81616	0			
3033	0			
0	0			
0	0			
0	0			
0	0			
0	39			
0	39			
0	3032			
0	3032			
0	3032			
0	3032			
0	3032			
0	3032			
0	39			
0	39			
0	3032			
0	3032			
0	3032			
0	3032			
0	3032			
0	3032			
39	3032			
39	3032			
39	3032			
39	3032			
39	3032			
39	3032			
39	3032			
39	3032			
39	3032			
39	3032			
39	3032			
37	3030			
37	1376			
3030	37			
37	3032			
1376	1375			
1375	81616			
54511	622			
54511	64064			
622	64064			
3158	54511			
3158	54511			
54511	39			
39	64064			
3158	39			
3158	39			
3158	64064			
39	0			
3158	0			
54511	0			
39	0			
64064	0			
3158	0			
64064	0			
3158	0			
39	0			
622	0			
64064	0			
54511	0			
1595	7108			
7108	10682			
6309	1717			
1718	1717			
1717	6309			
1718	1717			
4047	1718			
4047	1595			
1718	1595			
7108	1595			
1718	7108			
7108	6307			
1718	6307			
50814	6307			
50814	51478			
10682	1718			
10682	1718			
10682	1718			
6309	10682			
10682	1718			
6309	1718			
1717	6309			
6309	1718			
1717	1718			
1594	120227			
1718	0			
1717	1718			
1717	3988			
1717	8435			
3988	1718			
8435	1718			
0	0			
0	8435			
0	3988			
0	1717			
0	1718			
0	8435			
0	3988			
0	1717			
0	1718			
1594	1591			
120227	1591			
1594	1591			
3988	0			
8435	0			
1718	0			
1717	0			
0	0			
0	0			
0	2222			
2222	6713			
6713	4047			
9023	9420			
10858	51302			
1593	9420			
1593	1581			
1593	9420			
1593	1581			
10858	9023			
10858	1581			
10858	1593			
10858	0			
9023	1581			
9023	1593			
9023	0			
1581	1593			
1581	0			
1593	0			
80270	1593			
80270	1593			
1581	80270			
9420	80270			
1581	80270			
80270	1582			
6718	1109			
1109	1593			
1593	10998			
10998	23600			
23600	8309			
8309	3295			
6342	570			
6342	10998			
6342	570			
570	10998			
10998	570			
1582	6718			
80270	6718			
6718	1109			
1109	1593			
1593	10998			
10998	23600			
23600	8309			
8309	3295			
6342	570			
6342	10998			
6342	570			
570	10998			
10998	570			
3295	6342			
3295	6342			
9420	80270			
1593	9420			
9420	80270			
570	10005			
570	10005			
570	10005			
10005	570			
10005	6342			
3242	6898			
6898	0			
51004	84274			
84274	10229			
51805	0			
0	27235			
10229	51805			
1728	2677			
79001	2677			
1728	79001			
1728	79001			
1728	2677			
2677	79001			
0	412			
0	6820			
0	1583			
0	1583			
412	1583			
412	1583			
6820	1583			
6820	1583			
1583	1586			
1583	1586			
1586	1583			
1589	9420			
1589	3284			
1589	3284			
1589	412			
1589	6820			
1589	1586			
1589	1583			
9420	3284			
9420	3284			
9420	412			
9420	6820			
9420	1586			
9420	1583			
3284	412			
3284	6820			
3284	1586			
3284	1583			
3284	412			
3284	6820			
3284	1586			
3284	1583			
412	1586			
412	1583			
6820	1586			
6820	1583			
1586	1583			
3284	1589			
3284	1589			
79644	8644			
1585	6718			
6718	1109			
1585	1585			
1585	1589			
1585	3291			
1585	3290			
1585	1589			
1585	3291			
1585	3290			
1589	3291			
1589	3290			
1109	3290			
3290	1109			
3284	1589			
3284	1585			
3284	1586			
3284	6718			
3284	79644			
3284	1589			
3284	1585			
3284	1586			
3284	6718			
3284	79644			
1589	1585			
1589	1586			
1589	6718			
1589	79644			
1585	1586			
1585	6718			
1585	79644			
1586	6718			
1586	79644			
6718	79644			
1585	1586			
1585	1589			
1586	1589			
6718	1109			
79644	8644			
1583	1586			
1583	3284			
1583	3284			
1583	1589			
1586	3284			
1586	3284			
1586	1589			
3284	1589			
3284	1589			
3284	1586			
3284	1585			
3284	1589			
3284	1586			
3284	1585			
3284	1589			
1586	1585			
1586	1589			
1585	1589			
1585	1586			
1585	1589			
1586	1589			
1589	1585			
1589	3284			
1589	3284			
1585	3284			
1585	3284			
1589	1585			
1589	3284			
1589	3284			
1585	3284			
1585	3284			
1585	1589			
1585	6718			
1585	3290			
1585	3291			
1585	3284			
1585	3284			
1589	6718			
1589	3290			
1589	3291			
1589	3284			
1589	3284			
6718	3290			
6718	3291			
6718	3284			
6718	3284			
3290	3284			
3290	3284			
3291	3284			
3291	3284			
6718	1109			
6718	3290			
6718	3291			
6718	1109			
1585	3284			
1585	3284			
6820	412			
6820	1577			
6820	1581			
6820	3284			
6820	3284			
412	1577			
412	1581			
412	3284			
412	3284			
1577	1581			
1577	3284			
1577	3284			
1581	3284			
1581	3284			
1577	3284			
1577	3284			
1585	6718			
1585	79644			
1585	1588			
1585	3284			
1585	3284			
1585	8644			
1585	8630			
6718	79644			
6718	1588			
6718	3284			
6718	3284			
6718	8644			
6718	8630			
79644	1588			
79644	3284			
79644	3284			
79644	8644			
79644	8630			
1588	3284			
1588	3284			
1588	8644			
1588	8630			
3284	8644			
3284	8630			
3284	8644			
3284	8630			
1588	79644			
1588	6718			
1588	79799			
1588	3284			
1588	3284			
1588	8644			
1588	8630			
79644	6718			
79644	79799			
79644	3284			
79644	3284			
79644	8644			
79644	8630			
6718	79799			
6718	3284			
6718	3284			
6718	8644			
6718	8630			
79799	3284			
79799	3284			
79799	8644			
79799	8630			
3284	8644			
3284	8630			
3284	8644			
3284	8630			
1585	3290			
6718	1109			
1109	79799			
79644	1109			
1109	79799			
79644	1109			
8630	6783			
8630	79799			
8630	1543			
8630	1577			
6783	79799			
6783	1543			
6783	1577			
79799	1543			
79799	1577			
1543	1577			
1543	1312			
1312	79799			
1577	8630			
8630	1543			
8630	1545			
8630	79799			
1543	1545			
1543	79799			
1545	79799			
8630	1543			
8630	79799			
1543	79799			
1545	1312			
1312	79799			
1589	1585			
1589	79644			
1589	3284			
1589	3284			
1585	79644			
1585	3284			
1585	3284			
79644	3284			
79644	3284			
1585	1585			
1585	6718			
6783	1588			
79799	1588			
8630	1588			
8630	1588			
79799	1588			
3284	1586			
3284	1586			
1589	1586			
1583	1586			
1586	6820			
1586	412			
1586	3284			
1586	3284			
1586	1577			
1586	1581			
3284	1586			
3284	1586			
1589	1586			
1585	1586			
1586	3284			
1586	3284			
1586	8644			
1586	8630			
1586	1588			
1586	79644			
1586	6718			
1586	1585			
3284	1576			
3284	1576			
6820	1576			
412	1576			
3284	1576			
3284	1576			
1576	1581			
1576	1586			
1576	8630			
8630	1576			
1576	1543			
1576	79799			
1576	6783			
1576	1588			
1577	1588			
1543	1588			
9551	64077			
496	64077			
55276	5634			
55276	56985			
5634	56985			
5634	5471			
5471	2618			
2618	2618			
2618	5198			
5198	2618			
2618	10606			
10606	10606			
10606	158			
158	353			
158	471			
353	471			
158	0			
0	353			
471	0			
9061	9061			
9061	5169			
9061	5169			
8382	3704			
272	159			
272	471			
272	3704			
272	9583			
272	956			
272	3615			
272	3251			
272	93034			
159	471			
159	3704			
159	9583			
159	956			
159	3615			
159	3251			
159	93034			
471	3704			
471	9583			
471	956			
471	3615			
471	3251			
471	93034			
3704	9583			
3704	956			
3704	3615			
3704	3251			
3704	93034			
9583	3615			
9583	3251			
9583	93034			
956	3615			
956	3251			
956	93034			
3615	3251			
3615	93034			
3251	93034			
159	158			
93034	100			
93034	4860			
100	4860			
4860	7498			
4860	7498			
4860	3251			
4860	7498			
4860	7498			
4860	3251			
7498	3251			
7498	3251			
272	956			
272	390877			
272	353			
272	93034			
272	132			
272	1633			
956	353			
956	93034			
956	132			
956	1633			
390877	353			
390877	93034			
390877	132			
390877	1633			
353	93034			
353	132			
353	1633			
93034	100			
93034	4860			
1633	100			
1633	4860			
132	100			
132	4860			
100	4860			
4860	353			
353	4860			
956	6241			
956	5315			
956	8382			
956	956			
956	954			
956	84284			
956	87178			
390877	6241			
390877	5315			
390877	8382			
390877	956			
390877	954			
390877	84284			
390877	87178			
6241	5315			
6241	8382			
6241	956			
6241	954			
6241	84284			
6241	87178			
5315	87178			
8382	87178			
956	87178			
954	87178			
84284	87178			
6241	8382			
6241	5315			
6241	390877			
8382	390877			
5315	390877			
390877	93034			
93034	100			
4860	93034			
4860	100			
100	4860			
8382	57804			
5315	57804			
954	9533			
954	55811			
956	9533			
956	55811			
84284	9533			
84284	55811			
8382	9533			
5315	9533			
5315	55811			
9533	55811			
5153	55811			
9533	87178			
3704	8382			
3704	956			
8382	9583			
8382	956			
956	9583			
956	956			
51292	3615			
51292	3251			
51292	93034			
51292	272			
51292	159			
51292	471			
51292	3704			
51292	9583			
51292	956			
93034	3704			
93034	8833			
93034	3615			
93034	3251			
3704	8833			
3704	3615			
3704	3251			
8833	3615			
8833	3251			
3615	3251			
4860	93034			
4860	3251			
4860	7498			
4860	7498			
4860	7498			
4860	7498			
4860	9615			
3251	7498			
3251	7498			
3251	7498			
3251	7498			
3251	9615			
7498	7498			
7498	9615			
7498	7498			
7498	9615			
7498	9615			
7498	9615			
318	3704			
8833	51292			
8833	8654			
8833	3704			
8833	956			
8833	9583			
8833	2987			
8833	353			
8833	3251			
8833	93034			
51292	8654			
51292	3704			
51292	956			
51292	9583			
51292	2987			
51292	353			
51292	3251			
51292	93034			
8654	3704			
8654	956			
8654	9583			
8654	2987			
8654	353			
8654	3251			
8654	93034			
3704	956			
3704	9583			
3704	2987			
3704	353			
3704	3251			
3704	93034			
956	353			
956	3251			
956	93034			
9583	353			
9583	3251			
9583	93034			
2987	353			
2987	3251			
2987	93034			
353	93034			
3251	93034			
93034	4860			
4860	353			
4860	3251			
4860	9615			
93034	4860			
1716	4860			
2987	3704			
2987	93034			
2987	1716			
3704	93034			
3704	1716			
2987	8382			
5315	2987			
57804	8382			
57804	5315			
6241	8382			
6241	5315			
6241	2987			
9533	8382			
9533	5315			
9533	956			
9533	318			
8382	318			
5315	318			
956	318			
58497	374659			
55811	8654			
4882	8654			
4882	9533			
4882	8382			
4882	5315			
4882	956			
4882	318			
55811	9533			
55811	8382			
55811	5315			
55811	956			
55811	318			
4882	3704			
3704	8382			
3704	5315			
3704	956			
3704	318			
3704	9533			
3704	55811			
87178	956			
87178	9583			
87178	2987			
87178	6241			
87178	956			
87178	5315			
87178	8382			
956	6241			
956	956			
956	5315			
956	8382			
9583	6241			
9583	956			
9583	5315			
9583	8382			
2987	6241			
2987	956			
2987	5315			
2987	8382			
6241	956			
6241	5315			
6241	8382			
272	0			
10606	0			
2618	0			
2618	0			
5471	0			
5471	0			
5634	0			
0	318			
0	956			
0	5315			
0	8382			
0	3704			
0	9533			
0	4882			
0	55811			
0	318			
0	956			
0	5315			
0	8382			
0	3704			
0	9533			
0	4882			
0	55811			
374659	87178			
374659	8382			
374659	5315			
374659	956			
374659	6241			
374659	2987			
374659	9583			
374659	956			
9533	87178			
3704	5315			
3704	8382			
3704	57804			
9615	353			
9615	3251			
9615	4860			
4860	353			
4860	3251			
4860	4860			
4860	4860			
8382	55811			
390877	5153			
390877	158			
956	5153			
956	158			
5153	158			
5153	272			
5153	132			
5153	1633			
5153	93034			
5153	353			
158	272			
158	132			
158	1633			
158	93034			
158	353			
1633	93034			
8382	5315			
8382	954			
8382	84284			
5315	954			
5315	84284			
954	84284			
956	2987			
5634	55276			
55276	56985			
8622	55811			
8622	158			
8622	956			
8622	390877			
8622	353			
8622	93034			
8622	1633			
8622	132			
8622	272			
956	390877			
93034	132			
131870	8382			
3704	131870			
8382	131870			
956	131870			
159	131870			
471	131870			
131870	3704			
131870	272			
131870	93034			
131870	3251			
131870	3615			
50808	6241			
50808	5315			
50808	87178			
50808	8382			
50808	956			
8382	956			
50808	954			
50808	84284			
50808	158			
50808	272			
50808	132			
50808	93034			
50808	353			
50808	1633			
50808	8622			
50808	5153			
9	1544			
1544	9			
9	7498			
1544	7498			
1544	9			
1544	7498			
1544	7498			
1548	9			
1548	1544			
1548	1544			
790	790			
790	790			
790	1723			
7372	1723			
7372	7372			
83549	7372			
93034	7372			
139596	7372			
7372	3704			
956	7372			
9583	7372			
51727	7372			
139596	83549			
83549	3704			
956	83549			
9583	83549			
51727	83549			
139596	93034			
93034	3704			
956	93034			
9583	93034			
51727	93034			
139596	3704			
956	139596			
9583	139596			
51727	139596			
956	3704			
9583	3704			
51727	3704			
51727	956			
8382	51727			
87178	51727			
956	9583			
8382	9583			
87178	9583			
956	956			
8382	956			
87178	956			
87178	956			
87178	8382			
8382	318			
956	318			
3704	318			
56474	318			
9533	318			
8382	3704			
8382	56474			
9533	8382			
956	3704			
56474	956			
9533	956			
56474	3704			
9533	3704			
9533	56474			
87178	9533			
87178	9533			
9533	87178			
9533	87178			
56474	956			
56474	8382			
56474	9533			
9533	956			
9533	8382			
87178	956			
956	6241			
956	956			
956	51727			
87178	8382			
8382	6241			
8382	956			
8382	51727			
87178	6241			
87178	956			
87178	51727			
956	6241			
51727	6241			
51727	93034			
51727	83549			
956	93034			
956	83549			
83549	978			
93034	978			
83549	7378			
83549	978			
93034	7378			
93034	978			
7378	978			
139596	7378			
7378	4860			
7378	1890			
7378	1806			
139596	4860			
139596	1890			
139596	1806			
1806	4860			
1806	1890			
1806	1807			
1807	51733			
79077	79077			
1635	79077			
93034	79077			
1633	79077			
51727	79077			
51727	1635			
51727	93034			
51727	1633			
79077	1635			
79077	93034			
79077	1633			
93034	1635			
1633	1635			
1633	978			
93034	978			
7084	978			
7084	4860			
7084	1890			
978	4860			
978	1890			
1635	7084			
1635	7298			
1635	1841			
1635	1854			
1635	3704			
7084	7298			
1841	7084			
1854	7084			
7084	3704			
1841	7298			
1854	7298			
7298	3704			
1854	1841			
1841	3704			
8382	1841			
8382	6241			
1841	6241			
8382	3704			
1854	8382			
57804	8382			
57804	956			
8382	1841			
8382	956			
956	1841			
956	956			
7298	1841			
1841	93034			
1841	7084			
7298	956			
956	93034			
956	7084			
7298	93034			
7298	7084			
93034	1890			
7084	1890			
1890	1806			
1806	1807			
1807	51733			
57804	79077			
8382	57804			
8382	79077			
7372	0			
790	0			
790	0			
790	0			
51733	0			
51733	0			
978	7378			
7084	7378			
7378	1806			
7378	139596			
1635	51727			
1635	79077			
51727	79077			
7298	93034			
1841	93034			
93034	3704			
93034	1854			
93034	1635			
93034	978			
93034	4860			
93034	7378			
93034	1890			
0	84706			
0	64902			
0	64902			
0	84706			
435	158			
435	0			
158	0			
7915	0			
0	2747			
0	56954			
2747	56954			
5471	790			
5471	9945			
5471	2744			
5471	2752			
790	9945			
790	2744			
790	2752			
9945	2744			
9945	2752			
2744	2752			
9945	0			
5471	0			
790	1373			
790	0			
1373	0			
1373	2744			
8659	2744			
8659	2752			
8659	2747			
8659	2572			
8659	0			
8659	0			
8659	0			
8659	0			
8659	0			
8659	0			
8659	0			
8659	0			
2744	2752			
2744	2747			
2744	2572			
2744	0			
2744	0			
2744	0			
2744	0			
2744	0			
2744	0			
2744	0			
2744	0			
2752	2747			
2752	2572			
2752	0			
2752	0			
2752	0			
2752	0			
2752	0			
2752	0			
2752	0			
2752	0			
2747	2572			
2747	0			
2747	0			
2747	0			
2747	0			
2747	0			
2747	0			
2747	0			
2747	0			
2572	0			
2572	0			
2572	0			
2572	0			
2572	0			
2572	0			
2572	0			
2572	0			
0	0			
0	0			
0	0			
0	0			
0	0			
0	0			
0	0			
0	0			
0	0			
0	0			
0	0			
0	0			
0	0			
0	0			
0	0			
0	0			
0	0			
0	0			
0	0			
0	0			
0	0			
0	0			
0	0			
0	0			
0	0			
0	0			
0	0			
0	0			
8659	0			
18	2572			
7915	18			
790	0			
56954	8528			
56954	259307			
56954	2806			
8528	259307			
8528	2806			
445	159			
445	0			
445	0			
445	0			
445	0			
445	0			
445	0			
445	0			
445	790			
445	0			
445	440			
445	443			
445	339983			
445	259307			
445	2806			
159	0			
159	0			
159	0			
159	0			
159	0			
159	0			
159	0			
159	790			
159	0			
159	440			
159	443			
159	339983			
159	259307			
159	2806			
0	0			
0	0			
0	0			
0	0			
0	0			
0	0			
0	790			
0	0			
0	440			
0	443			
0	339983			
0	259307			
0	2806			
0	0			
0	0			
0	0			
0	0			
0	0			
0	790			
0	0			
0	440			
0	443			
0	339983			
0	259307			
0	2806			
0	0			
0	0			
0	0			
0	0			
0	790			
0	0			
0	440			
0	443			
0	339983			
0	259307			
0	2806			
0	0			
0	0			
0	0			
0	790			
0	0			
0	440			
0	443			
0	339983			
0	259307			
0	2806			
0	0			
0	0			
0	790			
0	0			
0	440			
0	443			
0	339983			
0	259307			
0	2806			
0	0			
0	790			
0	0			
0	440			
0	443			
0	339983			
0	259307			
0	2806			
0	790			
0	0			
0	440			
0	443			
0	339983			
0	259307			
0	2806			
790	0			
790	440			
790	443			
790	339983			
790	259307			
790	2806			
0	440			
0	443			
0	339983			
0	259307			
0	2806			
440	443			
440	339983			
440	259307			
440	2806			
443	259307			
443	2806			
339983	259307			
339983	2806			
445	435			
159	158			
0	2806			
0	259307			
0	8528			
0	56954			
339983	57494			
339983	2346			
57494	443			
2346	443			
57494	2346			
57494	284716			
2346	284716			
0	57494			
339983	284716			
284716	443			
284716	2346			
132158	9380			
189	9380			
132158	26227			
26227	29968			
29968	5723			
189	875			
189	189			
189	6472			
189	113675			
189	113675			
189	5723			
189	875			
875	6472			
875	113675			
875	113675			
875	5723			
189	113675			
189	113675			
189	5723			
6472	113675			
6472	113675			
5723	6472			
5723	113675			
5723	113675			
55349	501			
501	635			
635	29958			
29958	51268			
29958	1757			
29958	27232			
2593	2628			
6472	275			
275	1738			
2731	1738			
189	2628			
875	1491			
5723	63826			
189	63826			
875	63826			
189	63826			
6472	63826			
113675	63826			
113675	63826			
9380	0			
189	0			
189	0			
189	0			
189	0			
189	0			
875	0			
875	0			
875	0			
875	0			
189	0			
189	0			
189	0			
189	0			
6472	0			
6472	0			
6472	0			
6472	0			
0	0			
113675	0			
113675	0			
0	0			
0	0			
5723	0			
113675	0			
113675	0			
0	0			
0	0			
5723	0			
113675	0			
113675	0			
113675	0			
113675	0			
0	0			
5723	0			
5723	0			
113675	0			
113675	0			
1610	0			
212	0			
4129	0			
8639	0			
1491	0			
63826	0			
63826	0			
63826	0			
63826	0			
6472	2628			
6472	51268			
6472	1757			
6472	27232			
6472	0			
6472	23464			
6472	212			
6472	2731			
6472	1610			
189	51268			
189	1757			
189	27232			
189	0			
189	23464			
189	212			
189	2731			
189	1610			
2628	51268			
2628	1757			
2628	27232			
2628	0			
2628	23464			
2628	212			
2628	2731			
2628	1610			
51268	0			
51268	23464			
51268	212			
51268	2731			
51268	1610			
1757	0			
1757	23464			
1757	212			
1757	2731			
1757	1610			
27232	0			
27232	23464			
27232	212			
27232	2731			
27232	1610			
0	23464			
0	212			
0	2731			
0	1610			
23464	212			
23464	2731			
23464	1610			
212	2731			
212	1610			
2731	1610			
113675	0			
0	55349			
2731	275			
113675	189			
113675	189			
0	189			
0	189			
6472	189			
189	189			
875	189			
189	0			
189	0			
189	5723			
189	63826			
0	132158			
0	26227			
875	189			
875	6472			
875	0			
875	0			
875	113675			
875	113675			
875	63826			
875	5723			
875	0			
875	0			
875	189			
875	189			
113675	0			
113675	0			
0	0			
64902	0			
64902	6472			
64902	189			
64902	2628			
64902	51268			
64902	1757			
64902	27232			
64902	0			
64902	23464			
64902	212			
64902	2731			
26227	669			
0	669			
132158	669			
0	113675			
2806	0			
1491	0			
1491	0			
1491	1036			
1491	2806			
0	0			
0	1036			
0	1491			
0	2806			
0	1036			
0	1491			
0	2806			
1036	1491			
1036	2806			
1491	2806			
7263	1491			
2806	7263			
2806	92483			
7263	92483			
7263	0			
7263	0			
2806	0			
2806	1036			
0	1036			
875	1491			
0	875			
0	635			
0	4548			
0	23382			
0	875			
0	0			
635	23382			
635	875			
635	0			
4548	23382			
4548	875			
4548	0			
23382	875			
23382	0			
875	0			
4548	6898			
4548	259307			
4548	4144			
635	6898			
635	259307			
635	4144			
6898	4144			
259307	4144			
23382	1789			
4144	1789			
4144	262			
1789	262			
262	6723			
6723	4507			
84245	4507			
51074	84245			
51074	58478			
55256	55256			
55256	58478			
55256	58478			
6898	55256			
259307	55256			
262	6611			
6611	4507			
1491	0			
2806	4191			
594	587			
1738	594			
1738	1629			
594	1629			
3712	1629			
1629	34			
3030	3712			
64087	3712			
3030	34			
64087	34			
64087	3030			
549	64087			
54511	549			
3158	549			
64064	54511			
39	3158			
39	3158			
3158	64064			
39	64064			
39	54511			
54511	3032			
3158	3032			
39	3032			
4594	84693			
84693	5096			
5096	4329			
3032	5096			
3032	4329			
3032	3033			
3032	3028			
3030	3033			
3030	3028			
3030	34			
3030	36			
3030	35			
1629	35			
1629	36			
1629	34			
594	1629			
594	1738			
1738	1629			
594	587			
594	259307			
587	594			
594	1629			
1738	594			
1738	1629			
1629	35			
36	1629			
34	1629			
3030	35			
36	3030			
3030	34			
26275	3030			
3033	26275			
11112	26275			
4329	11112			
316	11112			
501	11112			
18	11112			
3033	4329			
3033	316			
3033	501			
3033	18			
316	4329			
501	4329			
4329	18			
316	18			
501	18			
3158	54511			
3158	54511			
587	0			
54511	0			
3158	0			
39	0			
3032	0			
4594	0			
5096	0			
4329	0			
3032	0			
587	0			
259307	0			
587	0			
18	0			
27034	3030			
27034	1629			
0	4329			
0	316			
0	501			
0	18			
0	11112			
0	3033			
0	0			
0	0			
0	1629			
0	34			
0	35			
0	36			
0	27034			
0	1629			
0	35			
0	36			
0	34			
0	5096			
0	84693			
0	0			
0	3032			
0	4329			
0	5096			
0	5096			
0	4329			
0	3032			
0	0			
0	3032			
0	39			
0	3158			
0	54511			
197322	84693			
4594	197322			
197322	501			
197322	316			
0	501			
0	316			
0	197322			
65985	39			
65985	3158			
65985	54511			
0	54511			
0	3158			
0	549			
113675	0			
587	0			
587	0			
587	0			
501	51166			
0	0			
10157	10157			
10157	501			
501	51166			
51166	55753			
55753	1743			
2639	1743			
3030	2639			
3030	3033			
3033	39			
9869	8985			
79823	8985			
79823	9869			
79823	9869			
9869	79823			
79823	9869			
8424	501			
8424	223			
8985	8985			
0	0			
10157	0			
10157	0			
51166	0			
501	0			
39	0			
123688	85007			
85007	10157			
85007	501			
2752	1373			
2752	2747			
2744	1373			
2744	2747			
1373	2747			
0	0			
0	5009			
0	1373			
0	5009			
0	1373			
5009	1373			
0	445			
445	4846			
445	5009			
4846	5009			
5009	0			
5009	384			
5009	4942			
5009	4953			
5009	95			
0	384			
0	4942			
0	4953			
0	95			
384	4942			
384	4953			
384	95			
4942	4953			
4942	95			
4953	95			
4846	0			
4846	384			
4846	435			
0	384			
0	435			
384	435			
445	435			
435	0			
2593	2628			
2593	548596			
435	4846			
435	113451			
4846	4846			
4846	113451			
0	4846			
0	113451			
384	4846			
384	113451			
4846	113451			
4846	4846			
113451	79814			
4942	8659			
65263	8659			
65263	5832			
8659	5832			
5832	5832			
51056	8974			
51056	65263			
65263	8974			
8974	65263			
8974	58510			
65263	8659			
58510	8659			
2806	8659			
2806	8659			
2806	112817			
112817	0			
112817	0			
0	8659			
0	5832			
0	8659			
0	162417			
0	2747			
8659	5832			
8659	162417			
8659	2747			
5832	8659			
5832	162417			
5832	2747			
8659	162417			
8659	2747			
162417	2747			
0	501			
0	57571			
0	55748			
0	2628			
501	57571			
501	55748			
501	2628			
57571	2628			
55748	2628			
6611	0			
6611	0			
0	0			
6723	6611			
6611	262			
6611	6723			
262	6723			
26	501			
6303	4129			
4129	501			
26	6723			
26	6303			
26	79814			
26	4953			
26	0			
6723	6303			
6723	79814			
6723	4953			
6723	0			
6303	79814			
6303	4953			
6303	0			
79814	4953			
79814	0			
4953	0			
84735	2628			
84735	0			
84735	501			
6723	0			
6723	6723			
262	6723			
0	6723			
6723	6723			
8659	8659			
2752	2744			
2744	2752			
8659	5625			
5625	8974			
5625	51056			
54498	0			
54498	0			
54498	6723			
262	0			
0	0			
0	0			
0	112817			
0	112817			
112849	1610			
4846	2628			
435	2628			
384	2628			
0	2628			
2628	4846			
2628	113451			
3034	57571			
57571	1644			
57571	3067			
3034	55748			
55748	1644			
55748	3067			
3034	84735			
1644	84735			
3067	84735			
3034	1644			
3034	3067			
131669	3034			
144193	131669			
10841	144193			
501	26			
26	3176			
1644	26			
3067	26			
1644	3176			
3067	3176			
4129	3176			
4129	222			
443	0			
10841	0			
57571	84735			
57571	55748			
222	4129			
222	8639			
4129	1644			
1644	8639			
3081	3242			
2954	3081			
2184	2954			
4282	3242			
3242	6898			
2806	3242			
3242	259307			
4282	6898			
2806	4282			
4282	259307			
7173	259307			
7054	259307			
7299	259307			
7299	259307			
259307	1644			
7173	2806			
2806	7054			
2806	7299			
2806	7299			
2806	1644			
7173	6898			
7054	6898			
7299	6898			
7299	6898			
6898	1644			
7173	7054			
7173	7299			
7173	7299			
7173	1644			
7299	7054			
7299	7054			
7054	1644			
7299	1644			
7299	1644			
1644	7299			
1644	7054			
1644	7299			
1312	1644			
4129	1644			
1644	8639			
1621	1644			
4129	1312			
1312	8639			
1621	1312			
1621	4129			
1621	8639			
1312	4129			
222	4129			
1312	222			
222	1312			
222	4129			
222	8639			
1312	1621			
5409	1621			
4129	1621			
1312	5409			
4129	1312			
4129	5409			
4129	222			
4129	131			
222	4129			
131	4129			
222	131			
1312	222			
131	1312			
222	1312			
222	4129			
4129	222			
1312	4129			
4129	1312			
5409	4129			
1312	5409			
1312	4129			
81889	0			
2184	0			
259307	0			
259307	0			
2806	0			
2806	0			
6898	0			
6898	0			
7173	0			
7173	0			
7054	0			
7054	0			
7299	0			
7299	0			
7299	0			
1644	0			
0	0			
7299	0			
1644	0			
1644	0			
1312	0			
4129	0			
8639	0			
1621	0			
7173	0			
1644	0			
2806	0			
6898	0			
259307	0			
7054	0			
7299	0			
7299	0			
0	0			
0	0			
1638	7306			
7299	7299			
7054	7299			
1644	7299			
2184	81889			
81889	0			
1644	6898			
1644	2806			
1644	259307			
1644	9588			
6898	9588			
2806	9588			
259307	9588			
1644	4129			
1644	8639			
4282	259307			
2806	4282			
6898	4282			
3242	4282			
3242	259307			
3242	2806			
3242	6898			
222	4129			
222	8639			
0	0			
1644	0			
6898	0			
2806	0			
259307	0			
9588	0			
1644	0			
6898	0			
2806	0			
259307	0			
9588	0			
0	5053			
2806	5053			
6898	5053			
9588	5053			
1644	5053			
5053	0			
5053	0			
5053	259307			
3242	0			
